0.00000   		-0.00003        
0.01000   		-0.00002        
0.02000   		-0.00002        
0.03000   		-0.00001        
0.04000   		-0.00001        
0.05000   		-0.00000        
0.06000   		0.00001         
0.07000   		0.00003         
0.08000   		0.00004         
0.09000   		0.00004         
0.10000   		0.00003         
0.11000   		0.00004         
0.12000   		0.00007         
0.13000   		0.00010         
0.14000   		0.00004         
0.15000   		0.00002         
0.16000   		0.00003         
0.17000   		0.00002         
0.18000   		0.00007         
0.19000   		0.00015         
0.20000   		0.00014         
0.21000   		0.00017         
0.22000   		0.00033         
0.23000   		0.00050         
0.24000   		0.00055         
0.25000   		0.00041         
0.26000   		0.00027         
0.27000   		0.00030         
0.28000   		0.00031         
0.29000   		0.00032         
0.30000   		0.00034         
0.31000   		0.00039         
0.32000   		0.00038         
0.33000   		0.00007         
0.34000   		0.00004         
0.35000   		0.00046         
0.36000   		0.00044         
0.37000   		0.00051         
0.38000   		0.00051         
0.39000   		0.00011         
0.40000   		-0.00021        
0.41000   		-0.00023        
0.42000   		-0.00028        
0.43000   		-0.00030        
0.44000   		-0.00030        
0.45000   		-0.00034        
0.46000   		-0.00038        
0.47000   		-0.00006        
0.48000   		0.00055         
0.49000   		0.00083         
0.50000   		0.00138         
0.51000   		0.00154         
0.52000   		0.00127         
0.53000   		0.00097         
0.54000   		0.00106         
0.55000   		0.00082         
0.56000   		0.00063         
0.57000   		0.00114         
0.58000   		0.00027         
0.59000   		-0.00042        
0.60000   		-0.00062        
0.61000   		-0.00202        
0.62000   		-0.00238        
0.63000   		-0.00242        
0.64000   		-0.00143        
0.65000   		-0.00068        
0.66000   		-0.00075        
0.67000   		-0.00068        
0.68000   		-0.00066        
0.69000   		-0.00070        
0.70000   		-0.00071        
0.71000   		-0.00068        
0.72000   		-0.00079        
0.73000   		-0.00092        
0.74000   		0.00022         
0.75000   		0.00172         
0.76000   		0.00137         
0.77000   		0.00084         
0.78000   		0.00167         
0.79000   		0.00184         
0.80000   		0.00177         
0.81000   		0.00098         
0.82000   		0.00055         
0.83000   		0.00056         
0.84000   		0.00050         
0.85000   		0.00059         
0.86000   		0.00050         
0.87000   		-0.00055        
0.88000   		-0.00099        
0.89000   		-0.00061        
0.90000   		0.00033         
0.91000   		0.00195         
0.92000   		0.00385         
0.93000   		0.00362         
0.94000   		0.00216         
0.95000   		0.00094         
0.96000   		0.00010         
0.97000   		-0.00106        
0.98000   		-0.00118        
0.99000   		-0.00086        
1.00000   		0.00043         
1.01000   		0.00044         
1.02000   		0.00057         
1.03000   		0.00181         
1.04000   		0.00249         
1.05000   		0.00245         
1.06000   		0.00256         
1.07000   		0.00263         
1.08000   		0.00264         
1.09000   		0.00260         
1.10000   		0.00270         
1.11000   		0.00297         
1.12000   		0.00154         
1.13000   		-0.00222        
1.14000   		-0.00565        
1.15000   		-0.00734        
1.16000   		-0.00694        
1.17000   		-0.00600        
1.18000   		-0.00523        
1.19000   		-0.00126        
1.20000   		0.00323         
1.21000   		0.00515         
1.22000   		0.00832         
1.23000   		0.01020         
1.24000   		0.01193         
1.25000   		0.00748         
1.26000   		0.00028         
1.27000   		-0.00297        
1.28000   		-0.00569        
1.29000   		-0.00791        
1.30000   		-0.01050        
1.31000   		-0.01093        
1.32000   		-0.00868        
1.33000   		-0.00818        
1.34000   		-0.00583        
1.35000   		-0.00188        
1.36000   		0.00167         
1.37000   		0.00287         
1.38000   		0.00514         
1.39000   		0.00410         
1.40000   		0.00001         
1.41000   		-0.00235        
1.42000   		-0.00361        
1.43000   		-0.00357        
1.44000   		-0.00147        
1.45000   		0.00141         
1.46000   		0.00299         
1.47000   		0.00134         
1.48000   		-0.00067        
1.49000   		-0.00129        
1.50000   		-0.00535        
1.51000   		-0.01030        
1.52000   		-0.01269        
1.53000   		-0.01407        
1.54000   		-0.01022        
1.55000   		-0.00267        
1.56000   		0.00079         
1.57000   		0.00252         
1.58000   		0.00148         
1.59000   		0.00073         
1.60000   		0.00067         
1.61000   		0.00136         
1.62000   		0.00287         
1.63000   		0.00283         
1.64000   		0.00290         
1.65000   		0.00274         
1.66000   		0.00331         
1.67000   		0.00585         
1.68000   		0.00736         
1.69000   		0.00728         
1.70000   		0.00746         
1.71000   		0.00748         
1.72000   		0.00745         
1.73000   		0.00759         
1.74000   		0.00738         
1.75000   		0.00581         
1.76000   		0.00571         
1.77000   		0.00611         
1.78000   		0.00327         
1.79000   		0.00221         
1.80000   		-0.00217        
1.81000   		-0.00576        
1.82000   		-0.00406        
1.83000   		0.00150         
1.84000   		0.00852         
1.85000   		0.01139         
1.86000   		0.00852         
1.87000   		0.00364         
1.88000   		-0.00181        
1.89000   		-0.00606        
1.90000   		-0.00545        
1.91000   		-0.00161        
1.92000   		0.00173         
1.93000   		0.00204         
1.94000   		-0.00004        
1.95000   		-0.00363        
1.96000   		-0.00615        
1.97000   		-0.00654        
1.98000   		-0.01042        
1.99000   		-0.01111        
2.00000   		-0.00791        
2.01000   		-0.00276        
2.02000   		0.00097         
2.03000   		0.00177         
2.04000   		0.00257         
2.05000   		0.00467         
2.06000   		0.00400         
2.07000   		0.00035         
2.08000   		-0.00388        
2.09000   		-0.00748        
2.10000   		-0.00687        
2.11000   		-0.00711        
2.12000   		-0.00627        
2.13000   		-0.00243        
2.14000   		0.00154         
2.15000   		0.00619         
2.16000   		0.00729         
2.17000   		0.00477         
2.18000   		0.00298         
2.19000   		-0.00308        
2.20000   		-0.00973        
2.21000   		-0.01079        
2.22000   		-0.00914        
2.23000   		-0.00485        
2.24000   		0.00328         
2.25000   		0.00924         
2.26000   		0.01265         
2.27000   		0.01618         
2.28000   		0.01702         
2.29000   		0.01066         
2.30000   		-0.00057        
2.31000   		-0.00927        
2.32000   		-0.00857        
2.33000   		-0.00669        
2.34000   		-0.00458        
2.35000   		-0.00179        
2.36000   		0.00095         
2.37000   		0.00198         
2.38000   		0.00059         
2.39000   		-0.00345        
2.40000   		-0.00388        
2.41000   		-0.00284        
2.42000   		-0.00089        
2.43000   		0.00309         
2.44000   		0.00363         
2.45000   		0.00369         
2.46000   		0.00388         
2.47000   		0.00424         
2.48000   		0.00335         
2.49000   		-0.00079        
2.50000   		-0.00266        
2.51000   		-0.00299        
2.52000   		-0.00323        
2.53000   		0.00015         
2.54000   		0.00613         
2.55000   		0.01240         
2.56000   		0.01545         
2.57000   		0.01600         
2.58000   		0.01382         
2.59000   		0.00853         
2.60000   		-0.00111        
2.61000   		-0.00694        
2.62000   		-0.00848        
2.63000   		-0.00766        
2.64000   		-0.00386        
2.65000   		-0.00022        
2.66000   		0.00130         
2.67000   		0.00302         
2.68000   		0.00316         
2.69000   		0.00333         
2.70000   		0.00276         
2.71000   		0.00176         
2.72000   		0.00314         
2.73000   		0.00299         
2.74000   		0.00311         
2.75000   		0.00324         
2.76000   		0.00060         
2.77000   		-0.00468        
2.78000   		-0.00816        
2.79000   		-0.00825        
2.80000   		-0.00692        
2.81000   		-0.00467        
2.82000   		-0.00414        
2.83000   		-0.00486        
2.84000   		-0.00739        
2.85000   		-0.00885        
2.86000   		-0.00724        
2.87000   		0.00047         
2.88000   		0.01270         
2.89000   		0.02096         
2.90000   		0.02184         
2.91000   		0.01590         
2.92000   		0.00356         
2.93000   		-0.00641        
2.94000   		-0.01622        
2.95000   		-0.01923        
2.96000   		-0.01297        
2.97000   		-0.00375        
2.98000   		0.00480         
2.99000   		0.00486         
3.00000   		0.00122         
3.01000   		0.00033         
3.02000   		0.00029         
3.03000   		-0.00006        
3.04000   		-0.00032        
3.05000   		0.00036         
3.06000   		0.00308         
3.07000   		0.00662         
3.08000   		0.00893         
3.09000   		0.01241         
3.10000   		0.01381         
3.11000   		0.01220         
3.12000   		0.00448         
3.13000   		-0.00315        
3.14000   		-0.00578        
3.15000   		-0.00495        
3.16000   		-0.00517        
3.17000   		-0.00529        
3.18000   		-0.00516        
3.19000   		-0.00515        
3.20000   		-0.00540        
3.21000   		-0.00501        
3.22000   		-0.00172        
3.23000   		0.00366         
3.24000   		0.00862         
3.25000   		0.01059         
3.26000   		0.01010         
3.27000   		0.00457         
3.28000   		-0.00322        
3.29000   		-0.00718        
3.30000   		-0.00882        
3.31000   		-0.01012        
3.32000   		-0.01048        
3.33000   		-0.00854        
3.34000   		-0.00566        
3.35000   		-0.00608        
3.36000   		-0.00589        
3.37000   		-0.00342        
3.38000   		0.00234         
3.39000   		0.01048         
3.40000   		0.01561         
3.41000   		0.01463         
3.42000   		0.01308         
3.43000   		0.01270         
3.44000   		0.00520         
3.45000   		-0.01198        
3.46000   		-0.02819        
3.47000   		-0.03591        
3.48000   		-0.04217        
3.49000   		-0.04417        
3.50000   		-0.03855        
3.51000   		-0.02810        
3.52000   		-0.01835        
3.53000   		-0.01450        
3.54000   		-0.01511        
3.55000   		-0.01791        
3.56000   		-0.01699        
3.57000   		-0.01423        
3.58000   		-0.00799        
3.59000   		-0.00315        
3.60000   		-0.00260        
3.61000   		-0.00228        
3.62000   		-0.00175        
3.63000   		-0.00217        
3.64000   		-0.00601        
3.65000   		-0.00915        
3.66000   		-0.01100        
3.67000   		-0.01130        
3.68000   		-0.01122        
3.69000   		-0.01176        
3.70000   		-0.01568        
3.71000   		-0.01939        
3.72000   		-0.02271        
3.73000   		-0.02451        
3.74000   		-0.02379        
3.75000   		-0.01561        
3.76000   		-0.00669        
3.77000   		0.00215         
3.78000   		0.00757         
3.79000   		0.01076         
3.80000   		0.01440         
3.81000   		0.01582         
3.82000   		0.01443         
3.83000   		0.01055         
3.84000   		0.00576         
3.85000   		-0.00085        
3.86000   		-0.00873        
3.87000   		-0.01549        
3.88000   		-0.01548        
3.89000   		-0.01318        
3.90000   		-0.01254        
3.91000   		-0.01431        
3.92000   		-0.01499        
3.93000   		-0.01340        
3.94000   		-0.00912        
3.95000   		-0.00820        
3.96000   		-0.01128        
3.97000   		-0.01279        
3.98000   		-0.01098        
3.99000   		-0.00521        
4.00000   		0.00134         
4.01000   		0.01071         
4.02000   		0.01441         
4.03000   		0.01238         
4.04000   		0.00620         
4.05000   		-0.00246        
4.06000   		-0.00528        
4.07000   		-0.00242        
4.08000   		0.00265         
4.09000   		0.00691         
4.10000   		0.00706         
4.11000   		0.00276         
4.12000   		-0.00443        
4.13000   		-0.00897        
4.14000   		-0.00369        
4.15000   		0.00648         
4.16000   		0.01998         
4.17000   		0.03618         
4.18000   		0.05010         
4.19000   		0.05538         
4.20000   		0.04642         
4.21000   		0.03522         
4.22000   		0.02341         
4.23000   		0.01650         
4.24000   		0.01157         
4.25000   		0.00815         
4.26000   		0.00750         
4.27000   		0.00728         
4.28000   		0.00835         
4.29000   		0.00930         
4.30000   		0.00935         
4.31000   		0.00992         
4.32000   		0.00765         
4.33000   		0.00381         
4.34000   		0.01137         
4.35000   		0.02956         
4.36000   		0.04619         
4.37000   		0.05862         
4.38000   		0.06212         
4.39000   		0.05731         
4.40000   		0.04819         
4.41000   		0.04086         
4.42000   		0.03551         
4.43000   		0.02591         
4.44000   		0.01030         
4.45000   		-0.00448        
4.46000   		-0.01307        
4.47000   		-0.01775        
4.48000   		-0.02070        
4.49000   		-0.02136        
4.50000   		-0.01896        
4.51000   		-0.01560        
4.52000   		-0.01332        
4.53000   		-0.00447        
4.54000   		0.01030         
4.55000   		0.02173         
4.56000   		0.02804         
4.57000   		0.03102         
4.58000   		0.03541         
4.59000   		0.03803         
4.60000   		0.03834         
4.61000   		0.03739         
4.62000   		0.03456         
4.63000   		0.03219         
4.64000   		0.03166         
4.65000   		0.02816         
4.66000   		0.01388         
4.67000   		-0.01741        
4.68000   		-0.05863        
4.69000   		-0.08709        
4.70000   		-0.09096        
4.71000   		-0.07983        
4.72000   		-0.05941        
4.73000   		0.01314         
4.74000   		0.06834         
4.75000   		0.07998         
4.76000   		0.09312         
4.77000   		0.09357         
4.78000   		0.08123         
4.79000   		0.05585         
4.80000   		0.01667         
4.81000   		-0.02130        
4.82000   		-0.03923        
4.83000   		-0.04354        
4.84000   		-0.04065        
4.85000   		-0.04170        
4.86000   		-0.05049        
4.87000   		-0.05672        
4.88000   		-0.05495        
4.89000   		-0.04847        
4.90000   		-0.04501        
4.91000   		-0.04648        
4.92000   		-0.04181        
4.93000   		-0.02940        
4.94000   		-0.01604        
4.95000   		0.00042         
4.96000   		0.02206         
4.97000   		0.03971         
4.98000   		0.04835         
4.99000   		0.04586         
5.00000   		0.03581         
5.01000   		0.01997         
5.02000   		0.00561         
5.03000   		-0.01119        
5.04000   		-0.03458        
5.05000   		-0.05819        
5.06000   		-0.07477        
5.07000   		-0.07920        
5.08000   		-0.05735        
5.09000   		-0.01171        
5.10000   		0.02105         
5.11000   		0.03173         
5.12000   		0.03658         
5.13000   		0.03309         
5.14000   		0.03239         
5.15000   		0.02979         
5.16000   		0.02604         
5.17000   		0.02202         
5.18000   		0.01580         
5.19000   		0.00768         
5.20000   		0.00010         
5.21000   		-0.00563        
5.22000   		-0.00637        
5.23000   		-0.00432        
5.24000   		-0.02785        
5.25000   		-0.09253        
5.26000   		-0.12232        
5.27000   		-0.13418        
5.28000   		-0.13829        
5.29000   		-0.13213        
5.30000   		-0.11432        
5.31000   		-0.07113        
5.32000   		-0.02361        
5.33000   		0.01433         
5.34000   		0.03495         
5.35000   		0.03903         
5.36000   		0.03429         
5.37000   		0.02778         
5.38000   		0.01998         
5.39000   		0.01919         
5.40000   		0.03098         
5.41000   		0.06217         
5.42000   		0.09798         
5.43000   		0.12668         
5.44000   		0.14408         
5.45000   		0.15142         
5.46000   		0.13658         
5.47000   		0.07006         
5.48000   		0.01799         
5.49000   		0.00425         
5.50000   		-0.02420        
5.51000   		-0.05515        
5.52000   		-0.06900        
5.53000   		-0.07385        
5.54000   		-0.07297        
5.55000   		-0.07229        
5.56000   		-0.07532        
5.57000   		-0.07920        
5.58000   		-0.08042        
5.59000   		-0.07158        
5.60000   		-0.05418        
5.61000   		-0.03418        
5.62000   		-0.01130        
5.63000   		0.05328         
5.64000   		0.13351         
5.65000   		0.19005         
5.66000   		0.20359         
5.67000   		0.20597         
5.68000   		0.20685         
5.69000   		0.18371         
5.70000   		0.07440         
5.71000   		-0.00812        
5.72000   		-0.04378        
5.73000   		-0.09286        
5.74000   		-0.12265        
5.75000   		-0.12730        
5.76000   		-0.11899        
5.77000   		-0.10735        
5.78000   		-0.09276        
5.79000   		-0.07698        
5.80000   		-0.06071        
5.81000   		-0.04240        
5.82000   		-0.02972        
5.83000   		-0.01269        
5.84000   		0.00487         
5.85000   		0.00963         
5.86000   		0.00245         
5.87000   		-0.00349        
5.88000   		-0.00983        
5.89000   		-0.01860        
5.90000   		-0.02430        
5.91000   		-0.02542        
5.92000   		-0.02644        
5.93000   		-0.02407        
5.94000   		-0.01409        
5.95000   		-0.00089        
5.96000   		0.00934         
5.97000   		0.01960         
5.98000   		0.02754         
5.99000   		0.03130         
6.00000   		0.03203         
6.01000   		0.02594         
6.02000   		0.01180         
6.03000   		0.00281         
6.04000   		0.00180         
6.05000   		0.00246         
6.06000   		0.00001         
6.07000   		-0.00250        
6.08000   		-0.00237        
6.09000   		-0.00210        
6.10000   		-0.01263        
6.11000   		-0.04538        
6.12000   		-0.07318        
6.13000   		-0.08103        
6.14000   		-0.08241        
6.15000   		-0.08323        
6.16000   		-0.07825        
6.17000   		-0.06640        
6.18000   		-0.05101        
6.19000   		-0.03729        
6.20000   		-0.02239        
6.21000   		0.00125         
6.22000   		0.01897         
6.23000   		0.02381         
6.24000   		0.02760         
6.25000   		0.03439         
6.26000   		0.05450         
6.27000   		0.07528         
6.28000   		0.08173         
6.29000   		0.08216         
6.30000   		0.06896         
6.31000   		0.04098         
6.32000   		0.00508         
6.33000   		-0.04111        
6.34000   		-0.07975        
6.35000   		-0.09367        
6.36000   		-0.09544        
6.37000   		-0.08640        
6.38000   		-0.06357        
6.39000   		-0.04294        
6.40000   		-0.02562        
6.41000   		0.00595         
6.42000   		0.04494         
6.43000   		0.06046         
6.44000   		0.06103         
6.45000   		0.06074         
6.46000   		0.06096         
6.47000   		0.06071         
6.48000   		0.05991         
6.49000   		0.05683         
6.50000   		0.04493         
6.51000   		0.01716         
6.52000   		-0.01839        
6.53000   		-0.05145        
6.54000   		-0.06769        
6.55000   		-0.07077        
6.56000   		-0.06431        
6.57000   		-0.04162        
6.58000   		-0.00986        
6.59000   		0.01839         
6.60000   		0.04554         
6.61000   		0.07423         
6.62000   		0.10087         
6.63000   		0.11498         
6.64000   		0.12050         
6.65000   		0.12052         
6.66000   		0.11096         
6.67000   		0.09782         
6.68000   		0.08542         
6.69000   		0.06772         
6.70000   		0.04153         
6.71000   		0.00422         
6.72000   		-0.04163        
6.73000   		-0.08734        
6.74000   		-0.10410        
6.75000   		-0.10068        
6.76000   		-0.08181        
6.77000   		-0.04755        
6.78000   		-0.00500        
6.79000   		0.03914         
6.80000   		0.07841         
6.81000   		0.10881         
6.82000   		0.11702         
6.83000   		0.11602         
6.84000   		0.10969         
6.85000   		0.08914         
6.86000   		0.05223         
6.87000   		0.01562         
6.88000   		-0.01692        
6.89000   		-0.04700        
6.90000   		-0.07691        
6.91000   		-0.09547        
6.92000   		-0.10358        
6.93000   		-0.10398        
6.94000   		-0.08914        
6.95000   		-0.06723        
6.96000   		-0.05547        
6.97000   		-0.05079        
6.98000   		-0.04121        
6.99000   		-0.02816        
7.00000   		-0.01994        
7.01000   		-0.02036        
7.02000   		-0.02684        
7.03000   		-0.04023        
7.04000   		-0.05973        
7.05000   		-0.07508        
7.06000   		-0.08004        
7.07000   		-0.08010        
7.08000   		-0.08059        
7.09000   		-0.07672        
7.10000   		-0.05518        
7.11000   		-0.02205        
7.12000   		0.00111         
7.13000   		0.01526         
7.14000   		0.03659         
7.15000   		0.07401         
7.16000   		0.11280         
7.17000   		0.13860         
7.18000   		0.14981         
7.19000   		0.12490         
7.20000   		0.05922         
7.21000   		-0.00626        
7.22000   		-0.03890        
7.23000   		-0.04406        
7.24000   		-0.04528        
7.25000   		-0.04169        
7.26000   		-0.03250        
7.27000   		-0.02053        
7.28000   		-0.01196        
7.29000   		-0.00341        
7.30000   		0.00447         
7.31000   		0.00931         
7.32000   		0.01222         
7.33000   		0.01358         
7.34000   		0.01375         
7.35000   		0.01380         
7.36000   		0.01396         
7.37000   		0.01425         
7.38000   		0.01144         
7.39000   		0.00353         
7.40000   		-0.00540        
7.41000   		-0.00747        
7.42000   		-0.00552        
7.43000   		-0.00331        
7.44000   		-0.00079        
7.45000   		0.00011         
7.46000   		-0.00006        
7.47000   		0.00032         
7.48000   		0.00637         
7.49000   		0.01879         
7.50000   		0.02983         
7.51000   		0.03590         
7.52000   		0.03834         
7.53000   		0.03628         
7.54000   		0.02438         
7.55000   		-0.00752        
7.56000   		-0.03874        
7.57000   		-0.04819        
7.58000   		-0.04941        
7.59000   		-0.04057        
7.60000   		-0.01847        
7.61000   		-0.00206        
7.62000   		0.00299         
7.63000   		0.00724         
7.64000   		0.01529         
7.65000   		0.02448         
7.66000   		0.03111         
7.67000   		0.03627         
7.68000   		0.03203         
7.69000   		0.01655         
7.70000   		-0.00593        
7.71000   		-0.02546        
7.72000   		-0.03723        
7.73000   		-0.04149        
7.74000   		-0.04216        
7.75000   		-0.04024        
7.76000   		-0.03640        
7.77000   		-0.02988        
7.78000   		-0.02109        
7.79000   		-0.00673        
7.80000   		0.00759         
7.81000   		0.01776         
7.82000   		0.02134         
7.83000   		0.03005         
7.84000   		0.05117         
7.85000   		0.07400         
7.86000   		0.07455         
7.87000   		0.04475         
7.88000   		0.01624         
7.89000   		0.00585         
7.90000   		0.00593         
7.91000   		0.00791         
7.92000   		0.00766         
7.93000   		0.00631         
7.94000   		0.00703         
7.95000   		0.01743         
7.96000   		0.03867         
7.97000   		0.06215         
7.98000   		0.08023         
7.99000   		0.08913         
8.00000   		0.08134         
8.01000   		0.05914         
8.02000   		0.02358         
8.03000   		-0.01378        
8.04000   		-0.05250        
8.05000   		-0.09243        
8.06000   		-0.12245        
8.07000   		-0.12894        
8.08000   		-0.11542        
8.09000   		-0.09600        
8.10000   		-0.07651        
8.11000   		-0.05809        
8.12000   		-0.03033        
8.13000   		-0.00343        
8.14000   		0.01756         
8.15000   		0.03039         
8.16000   		0.02986         
8.17000   		0.01629         
8.18000   		0.00014         
8.19000   		-0.01148        
8.20000   		-0.01105        
8.21000   		-0.00822        
8.22000   		-0.00674        
8.23000   		-0.00464        
8.24000   		-0.00336        
8.25000   		-0.01021        
8.26000   		-0.00867        
8.27000   		0.02141         
8.28000   		0.04499         
8.29000   		0.04590         
8.30000   		0.04448         
8.31000   		0.04716         
8.32000   		0.04975         
8.33000   		0.04867         
8.34000   		0.03954         
8.35000   		0.01914         
8.36000   		-0.00371        
8.37000   		-0.02245        
8.38000   		-0.03240        
8.39000   		-0.03338        
8.40000   		-0.02825        
8.41000   		-0.02220        
8.42000   		-0.01429        
8.43000   		-0.00881        
8.44000   		-0.00470        
8.45000   		-0.00097        
8.46000   		0.00892         
8.47000   		0.02564         
8.48000   		0.03928         
8.49000   		0.04831         
8.50000   		0.05213         
8.51000   		0.05447         
8.52000   		0.05441         
8.53000   		0.05133         
8.54000   		0.04192         
8.55000   		0.02039         
8.56000   		-0.00969        
8.57000   		-0.03433        
8.58000   		-0.04640        
8.59000   		-0.04251        
8.60000   		-0.03086        
8.61000   		-0.02090        
8.62000   		-0.01106        
8.63000   		-0.00457        
8.64000   		0.00007         
8.65000   		0.00054         
8.66000   		-0.00253        
8.67000   		-0.01133        
8.68000   		-0.01910        
8.69000   		-0.02248        
8.70000   		-0.02288        
8.71000   		-0.02516        
8.72000   		-0.02740        
8.73000   		-0.02845        
8.74000   		-0.03037        
8.75000   		-0.02936        
8.76000   		-0.02544        
8.77000   		-0.02009        
8.78000   		-0.01251        
8.79000   		-0.00508        
8.80000   		0.00059         
8.81000   		0.00496         
8.82000   		0.00786         
8.83000   		0.01053         
8.84000   		0.01374         
8.85000   		0.01980         
8.86000   		0.02676         
8.87000   		0.03193         
8.88000   		0.03300         
8.89000   		0.02637         
8.90000   		0.00792         
8.91000   		-0.00822        
8.92000   		-0.01221        
8.93000   		-0.01357        
8.94000   		-0.01369        
8.95000   		-0.00960        
8.96000   		-0.00754        
8.97000   		-0.00749        
8.98000   		-0.00637        
8.99000   		-0.00162        
9.00000   		0.01159         
9.01000   		0.02688         
9.02000   		0.03450         
9.03000   		0.03831         
9.04000   		0.03778         
9.05000   		0.02858         
9.06000   		0.00847         
9.07000   		-0.01385        
9.08000   		-0.03549        
9.09000   		-0.05780        
9.10000   		-0.07425        
9.11000   		-0.08110        
9.12000   		-0.08212        
9.13000   		-0.07694        
9.14000   		-0.05929        
9.15000   		-0.03012        
9.16000   		-0.00249        
9.17000   		0.01303         
9.18000   		0.02146         
9.19000   		0.02458         
9.20000   		0.02386         
9.21000   		0.02111         
9.22000   		0.01694         
9.23000   		0.01345         
9.24000   		0.00830         
9.25000   		0.00059         
9.26000   		-0.00887        
9.27000   		-0.01861        
9.28000   		-0.02672        
9.29000   		-0.03290        
9.30000   		-0.03775        
9.31000   		-0.03790        
9.32000   		-0.03376        
9.33000   		-0.02626        
9.34000   		-0.01590        
9.35000   		-0.00594        
9.36000   		0.00121         
9.37000   		0.00519         
9.38000   		0.00631         
9.39000   		0.00688         
9.40000   		0.00634         
9.41000   		0.00270         
9.42000   		-0.00125        
9.43000   		-0.00387        
9.44000   		-0.00607        
9.45000   		-0.00801        
9.46000   		-0.01204        
9.47000   		-0.01486        
9.48000   		-0.01895        
9.49000   		-0.02093        
9.50000   		-0.02025        
9.51000   		-0.01456        
9.52000   		-0.00442        
9.53000   		0.01034         
9.54000   		0.02572         
9.55000   		0.03454         
9.56000   		0.03817         
9.57000   		0.03715         
9.58000   		0.03382         
9.59000   		0.03013         
9.60000   		0.01995         
9.61000   		0.00596         
9.62000   		-0.00170        
9.63000   		-0.00316        
9.64000   		0.00149         
9.65000   		0.00928         
9.66000   		0.01686         
9.67000   		0.01972         
9.68000   		0.01533         
9.69000   		0.00592         
9.70000   		-0.00284        
9.71000   		-0.00608        
9.72000   		-0.00660        
9.73000   		-0.00737        
9.74000   		-0.00537        
9.75000   		-0.00143        
9.76000   		0.00142         
9.77000   		0.00554         
9.78000   		0.00666         
9.79000   		0.00624         
9.80000   		0.00228         
9.81000   		-0.00401        
9.82000   		-0.00682        
9.83000   		-0.01050        
9.84000   		-0.01517        
9.85000   		-0.02312        
9.86000   		-0.03004        
9.87000   		-0.03214        
9.88000   		-0.02594        
9.89000   		-0.01277        
9.90000   		0.00129         
9.91000   		0.00865         
9.92000   		0.01198         
9.93000   		0.01505         
9.94000   		0.01609         
9.95000   		0.01863         
9.96000   		0.02159         
9.97000   		0.02174         
9.98000   		0.01735         
9.99000   		0.01024         
10.00000  		0.00223         
10.01000  		-0.00493        
10.02000  		-0.01068        
10.03000  		-0.01637        
10.04000  		-0.01869        
10.05000  		-0.01506        
10.06000  		-0.00344        
10.07000  		0.01062         
10.08000  		0.02436         
10.09000  		0.03338         
10.10000  		0.03592         
10.11000  		0.03384         
10.12000  		0.02815         
10.13000  		0.02147         
10.14000  		0.01763         
10.15000  		0.01462         
10.16000  		0.01223         
10.17000  		0.01082         
10.18000  		0.00922         
10.19000  		0.01045         
10.20000  		0.01111         
10.21000  		0.01190         
10.22000  		0.01520         
10.23000  		0.01620         
10.24000  		0.01998         
10.25000  		0.02562         
10.26000  		0.02916         
10.27000  		0.02710         
10.28000  		0.01859         
10.29000  		0.00674         
10.30000  		-0.00269        
10.31000  		-0.00910        
10.32000  		-0.01134        
10.33000  		-0.01134        
10.34000  		-0.00714        
10.35000  		-0.00298        
10.36000  		-0.00265        
10.37000  		0.00044         
10.38000  		-0.00137        
10.39000  		-0.00390        
10.40000  		-0.01132        
10.41000  		-0.01937        
10.42000  		-0.02448        
10.43000  		-0.02298        
10.44000  		-0.01299        
10.45000  		0.00148         
10.46000  		0.01500         
10.47000  		0.02412         
10.48000  		0.02824         
10.49000  		0.03408         
10.50000  		0.03831         
10.51000  		0.03516         
10.52000  		0.02228         
10.53000  		0.00060         
10.54000  		-0.01666        
10.55000  		-0.02603        
10.56000  		-0.03120        
10.57000  		-0.03227        
10.58000  		-0.03126        
10.59000  		-0.02834        
10.60000  		-0.02650        
10.61000  		-0.02849        
10.62000  		-0.03087        
10.63000  		-0.03247        
10.64000  		-0.03383        
10.65000  		-0.03274        
10.66000  		-0.03063        
10.67000  		-0.02716        
10.68000  		-0.01618        
10.69000  		0.00007         
10.70000  		0.01393         
10.71000  		0.02321         
10.72000  		0.02850         
10.73000  		0.02977         
10.74000  		0.02679         
10.75000  		0.01881         
10.76000  		0.00743         
10.77000  		-0.00700        
10.78000  		-0.02082        
10.79000  		-0.02749        
10.80000  		-0.03076        
10.81000  		-0.03093        
10.82000  		-0.02575        
10.83000  		-0.01515        
10.84000  		-0.00395        
10.85000  		0.00440         
10.86000  		0.01113         
10.87000  		0.01307         
10.88000  		0.01364         
10.89000  		0.01310         
10.90000  		0.01049         
10.91000  		0.00928         
10.92000  		0.00937         
10.93000  		0.00902         
10.94000  		0.00881         
10.95000  		0.01083         
10.96000  		0.01348         
10.97000  		0.01361         
10.98000  		0.01556         
10.99000  		0.01337         
11.00000  		0.00796         
11.01000  		0.00466         
11.02000  		0.00622         
11.03000  		0.00998         
11.04000  		0.01348         
11.05000  		0.01727         
11.06000  		0.01975         
11.07000  		0.02067         
11.08000  		0.01862         
11.09000  		0.01474         
11.10000  		0.00246         
11.11000  		-0.00964        
11.12000  		-0.01692        
11.13000  		-0.01882        
11.14000  		-0.01862        
11.15000  		-0.01814        
11.16000  		-0.01477        
11.17000  		-0.01355        
11.18000  		-0.01137        
11.19000  		-0.00687        
11.20000  		0.00415         
11.21000  		0.01519         
11.22000  		0.02116         
11.23000  		0.02228         
11.24000  		0.02328         
11.25000  		0.01956         
11.26000  		0.01071         
11.27000  		0.00540         
11.28000  		0.00155         
11.29000  		-0.00194        
11.30000  		-0.00506        
11.31000  		-0.00859        
11.32000  		-0.00899        
11.33000  		-0.00936        
11.34000  		-0.00941        
11.35000  		-0.00719        
11.36000  		-0.00486        
11.37000  		-0.00068        
11.38000  		0.00361         
11.39000  		0.00417         
11.40000  		0.00436         
11.41000  		0.00318         
11.42000  		0.00229         
11.43000  		0.00224         
11.44000  		0.00289         
11.45000  		0.00436         
11.46000  		0.00561         
11.47000  		0.00706         
11.48000  		0.00605         
11.49000  		0.00291         
11.50000  		0.00283         
11.51000  		0.00047         
11.52000  		-0.00367        
11.53000  		-0.00608        
11.54000  		-0.00889        
11.55000  		-0.01188        
11.56000  		-0.01361        
11.57000  		-0.01368        
11.58000  		-0.01414        
11.59000  		-0.01344        
11.60000  		-0.01008        
11.61000  		-0.00806        
11.62000  		-0.00538        
11.63000  		-0.00094        
11.64000  		0.00925         
11.65000  		0.01678         
11.66000  		0.02039         
11.67000  		0.02265         
11.68000  		0.02212         
11.69000  		0.01937         
11.70000  		0.01111         
11.71000  		-0.00028        
11.72000  		-0.01195        
11.73000  		-0.01945        
11.74000  		-0.02232        
11.75000  		-0.02105        
11.76000  		-0.01876        
11.77000  		-0.01596        
11.78000  		-0.01414        
11.79000  		-0.01509        
11.80000  		-0.01631        
11.81000  		-0.01797        
11.82000  		-0.01780        
11.83000  		-0.01627        
11.84000  		-0.01619        
11.85000  		-0.01620        
11.86000  		-0.01801        
11.87000  		-0.02003        
11.88000  		-0.02112        
11.89000  		-0.02377        
11.90000  		-0.02422        
11.91000  		-0.02305        
11.92000  		-0.01941        
11.93000  		-0.01137        
11.94000  		-0.00092        
11.95000  		0.00884         
11.96000  		0.01567         
11.97000  		0.01955         
11.98000  		0.02071         
11.99000  		0.02029         
12.00000  		0.01790         
12.01000  		0.01655         
12.02000  		0.01625         
12.03000  		0.01666         
12.04000  		0.02063         
12.05000  		0.02361         
12.06000  		0.02521         
12.07000  		0.02544         
12.08000  		0.02558         
12.09000  		0.02370         
12.10000  		0.02027         
12.11000  		0.01596         
12.12000  		0.01355         
12.13000  		0.01193         
12.14000  		0.00839         
12.15000  		0.00474         
12.16000  		-0.00037        
12.17000  		-0.00567        
12.18000  		-0.00978        
12.19000  		-0.01446        
12.20000  		-0.01910        
12.21000  		-0.02160        
12.22000  		-0.02412        
12.23000  		-0.02178        
12.24000  		-0.01920        
12.25000  		-0.01504        
12.26000  		-0.01124        
12.27000  		-0.00724        
12.28000  		-0.00328        
12.29000  		0.00477         
12.30000  		0.01229         
12.31000  		0.01775         
12.32000  		0.01939         
12.33000  		0.01489         
12.34000  		0.00999         
12.35000  		0.00641         
12.36000  		0.00322         
12.37000  		-0.00079        
12.38000  		-0.00338        
12.39000  		-0.00560        
12.40000  		-0.00297        
12.41000  		-0.00045        
12.42000  		0.00366         
12.43000  		0.00783         
12.44000  		0.01161         
12.45000  		0.00950         
12.46000  		0.00438         
12.47000  		-0.00055        
12.48000  		-0.00597        
12.49000  		-0.01165        
12.50000  		-0.01618        
12.51000  		-0.01890        
12.52000  		-0.02061        
12.53000  		-0.01987        
12.54000  		-0.01335        
12.55000  		-0.00471        
12.56000  		0.00504         
12.57000  		0.01290         
12.58000  		0.01569         
12.59000  		0.01616         
12.60000  		0.01668         
12.61000  		0.01565         
12.62000  		0.01426         
12.63000  		0.01448         
12.64000  		0.01398         
12.65000  		0.01257         
12.66000  		0.01075         
12.67000  		0.00560         
12.68000  		0.00036         
12.69000  		-0.00528        
12.70000  		-0.00979        
12.71000  		-0.01086        
12.72000  		-0.01136        
12.73000  		-0.00767        
12.74000  		-0.00118        
12.75000  		0.00345         
12.76000  		0.00767         
12.77000  		0.01156         
12.78000  		0.01059         
12.79000  		0.00839         
12.80000  		0.00739         
12.81000  		0.00548         
12.82000  		0.00596         
12.83000  		0.00732         
12.84000  		0.00707         
12.85000  		0.00902         
12.86000  		0.01176         
12.87000  		0.01085         
12.88000  		0.00708         
12.89000  		0.00377         
12.90000  		-0.00184        
12.91000  		-0.00920        
12.92000  		-0.01433        
12.93000  		-0.01514        
12.94000  		-0.01534        
12.95000  		-0.01583        
12.96000  		-0.01848        
12.97000  		-0.02069        
12.98000  		-0.02425        
12.99000  		-0.02418        
13.00000  		-0.02085        
13.01000  		-0.01553        
13.02000  		-0.00857        
13.03000  		-0.00296        
13.04000  		0.00038         
13.05000  		0.00242         
13.06000  		0.00262         
13.07000  		0.00301         
13.08000  		0.00274         
13.09000  		0.00029         
13.10000  		-0.00125        
13.11000  		-0.00150        
13.12000  		-0.00439        
13.13000  		-0.00594        
13.14000  		-0.00674        
13.15000  		-0.01106        
13.16000  		-0.01314        
13.17000  		-0.01299        
13.18000  		-0.01039        
13.19000  		-0.00699        
13.20000  		-0.00151        
13.21000  		0.00546         
13.22000  		0.01092         
13.23000  		0.01665         
13.24000  		0.02054         
13.25000  		0.02019         
13.26000  		0.01753         
13.27000  		0.01601         
13.28000  		0.00918         
13.29000  		-0.00056        
13.30000  		-0.00677        
13.31000  		-0.00786        
13.32000  		-0.00863        
13.33000  		-0.00784        
13.34000  		-0.00507        
13.35000  		-0.00391        
13.36000  		-0.00494        
13.37000  		-0.00812        
13.38000  		-0.00838        
13.39000  		-0.00846        
13.40000  		-0.00748        
13.41000  		-0.00445        
13.42000  		0.00291         
13.43000  		0.01035         
13.44000  		0.01361         
13.45000  		0.01421         
13.46000  		0.01479         
13.47000  		0.00970         
13.48000  		0.00079         
13.49000  		-0.00379        
13.50000  		-0.00556        
13.51000  		-0.00752        
13.52000  		-0.00889        
13.53000  		-0.00757        
13.54000  		-0.00369        
13.55000  		-0.00233        
13.56000  		0.00071         
13.57000  		0.00607         
13.58000  		0.00717         
13.59000  		0.00742         
13.60000  		0.00708         
13.61000  		0.00449         
13.62000  		-0.00109        
13.63000  		-0.00754        
13.64000  		-0.01180        
13.65000  		-0.01271        
13.66000  		-0.01334        
13.67000  		-0.01187        
13.68000  		-0.00772        
13.69000  		-0.00655        
13.70000  		-0.00656        
13.71000  		-0.00634        
13.72000  		-0.00536        
13.73000  		-0.00372        
13.74000  		-0.00087        
13.75000  		0.00102         
13.76000  		0.00601         
13.77000  		0.01057         
13.78000  		0.01184         
13.79000  		0.01058         
13.80000  		0.00785         
13.81000  		0.00289         
13.82000  		-0.00169        
13.83000  		-0.00446        
13.84000  		-0.00591        
13.85000  		-0.00620        
13.86000  		-0.00575        
13.87000  		-0.00418        
13.88000  		-0.00394        
13.89000  		-0.00384        
13.90000  		-0.00564        
13.91000  		-0.00811        
13.92000  		-0.00765        
13.93000  		-0.00627        
13.94000  		-0.00647        
13.95000  		-0.00491        
13.96000  		-0.00211        
13.97000  		0.00037         
13.98000  		0.00298         
13.99000  		0.00677         
14.00000  		0.01083         
14.01000  		0.01363         
14.02000  		0.01641         
14.03000  		0.01628         
14.04000  		0.01383         
14.05000  		0.01276         
14.06000  		0.01241         
14.07000  		0.00907         
14.08000  		0.00752         
14.09000  		0.00577         
14.10000  		0.00548         
14.11000  		0.00679         
14.12000  		0.00757         
14.13000  		0.00590         
14.14000  		0.00491         
14.15000  		0.00346         
14.16000  		0.00334         
14.17000  		0.00182         
14.18000  		0.00056         
14.19000  		0.00159         
14.20000  		0.00552         
14.21000  		0.00820         
14.22000  		0.00994         
14.23000  		0.00992         
14.24000  		0.00609         
14.25000  		0.00081         
14.26000  		-0.00337        
14.27000  		-0.00758        
14.28000  		-0.01314        
14.29000  		-0.01493        
14.30000  		-0.01501        
14.31000  		-0.01538        
14.32000  		-0.01554        
14.33000  		-0.01430        
14.34000  		-0.01159        
14.35000  		-0.00886        
14.36000  		-0.00670        
14.37000  		-0.00634        
14.38000  		-0.00617        
14.39000  		-0.00607        
14.40000  		-0.00610        
14.41000  		-0.00610        
14.42000  		-0.00597        
14.43000  		-0.00617        
14.44000  		-0.00713        
14.45000  		-0.00566        
14.46000  		-0.00347        
14.47000  		0.00095         
14.48000  		0.00445         
14.49000  		0.00707         
14.50000  		0.01129         
14.51000  		0.01030         
14.52000  		0.00840         
14.53000  		0.00697         
14.54000  		0.00304         
14.55000  		-0.00098        
14.56000  		-0.00661        
14.57000  		-0.00939        
14.58000  		-0.00850        
14.59000  		-0.00799        
14.60000  		-0.00437        
14.61000  		0.00076         
14.62000  		0.00447         
14.63000  		0.00959         
14.64000  		0.01373         
14.65000  		0.01519         
14.66000  		0.01706         
14.67000  		0.01686         
14.68000  		0.01543         
14.69000  		0.01466         
14.70000  		0.01225         
14.71000  		0.00871         
14.72000  		0.00577         
14.73000  		0.00257         
14.74000  		0.00098         
14.75000  		0.00232         
14.76000  		0.00500         
14.77000  		0.00749         
14.78000  		0.01279         
14.79000  		0.01471         
14.80000  		0.01607         
14.81000  		0.01534         
14.82000  		0.01302         
14.83000  		0.00802         
14.84000  		0.00619         
14.85000  		0.00145         
14.86000  		-0.00591        
14.87000  		-0.01042        
14.88000  		-0.01351        
14.89000  		-0.01623        
14.90000  		-0.01584        
14.91000  		-0.01456        
14.92000  		-0.00999        
14.93000  		-0.00476        
14.94000  		0.00065         
14.95000  		0.00597         
14.96000  		0.00964         
14.97000  		0.01205         
14.98000  		0.01158         
14.99000  		0.00936         
15.00000  		0.00676         
15.01000  		0.00189         
15.02000  		-0.00232        
15.03000  		-0.00362        
15.04000  		-0.00745        
15.05000  		-0.01062        
15.06000  		-0.01168        
15.07000  		-0.01089        
15.08000  		-0.01082        
15.09000  		-0.01002        
15.10000  		-0.00734        
15.11000  		-0.00493        
15.12000  		-0.00191        
15.13000  		0.00257         
15.14000  		0.00548         
15.15000  		0.00835         
15.16000  		0.01144         
15.17000  		0.01203         
15.18000  		0.00899         
15.19000  		0.00713         
15.20000  		0.00314         
15.21000  		0.00039         
15.22000  		-0.00254        
15.23000  		-0.00516        
15.24000  		-0.00573        
15.25000  		-0.00587        
15.26000  		-0.00593        
15.27000  		-0.00599        
15.28000  		-0.00627        
15.29000  		-0.00529        
15.30000  		-0.00209        
15.31000  		-0.00183        
15.32000  		0.00056         
15.33000  		0.00307         
15.34000  		0.00316         
15.35000  		0.00515         
15.36000  		0.00561         
15.37000  		0.00480         
15.38000  		0.00315         
15.39000  		0.00060         
15.40000  		-0.00133        
15.41000  		-0.00596        
15.42000  		-0.01160        
15.43000  		-0.01469        
15.44000  		-0.01505        
15.45000  		-0.01492        
15.46000  		-0.01122        
15.47000  		-0.00844        
15.48000  		-0.00476        
15.49000  		-0.00037        
15.50000  		0.00196         
15.51000  		0.00311         
15.52000  		0.00567         
15.53000  		0.00766         
15.54000  		0.00780         
15.55000  		0.00666         
15.56000  		0.00366         
15.57000  		-0.00012        
15.58000  		-0.00168        
15.59000  		-0.00343        
15.60000  		-0.00259        
15.61000  		-0.00108        
15.62000  		0.00195         
15.63000  		0.00338         
15.64000  		0.00608         
15.65000  		0.00783         
15.66000  		0.00652         
15.67000  		0.00389         
15.68000  		-0.00070        
15.69000  		-0.00617        
15.70000  		-0.01146        
15.71000  		-0.01488        
15.72000  		-0.01781        
15.73000  		-0.01772        
15.74000  		-0.01542        
15.75000  		-0.01206        
15.76000  		-0.00591        
15.77000  		-0.00201        
15.78000  		0.00176         
15.79000  		0.00671         
15.80000  		0.00735         
15.81000  		0.00779         
15.82000  		0.00788         
15.83000  		0.00491         
15.84000  		0.00158         
15.85000  		-0.00176        
15.86000  		-0.00543        
15.87000  		-0.00593        
15.88000  		-0.00578        
15.89000  		-0.00316        
15.90000  		-0.00121        
15.91000  		0.00363         
15.92000  		0.00704         
15.93000  		0.00842         
15.94000  		0.01149         
15.95000  		0.01195         
15.96000  		0.01033         
15.97000  		0.00953         
15.98000  		0.00787         
15.99000  		0.00541         
16.00000  		0.00322         
16.01000  		0.00106         
16.02000  		-0.00114        
16.03000  		-0.00137        
16.04000  		-0.00155        
16.05000  		-0.00165        
16.06000  		-0.00142        
16.07000  		-0.00199        
16.08000  		-0.00456        
16.09000  		-0.00588        
16.10000  		-0.00619        
16.11000  		-0.00934        
16.12000  		-0.01095        
16.13000  		-0.01332        
16.14000  		-0.01538        
16.15000  		-0.01546        
16.16000  		-0.01398        
16.17000  		-0.01183        
16.18000  		-0.01038        
16.19000  		-0.00712        
16.20000  		-0.00473        
16.21000  		-0.00219        
16.22000  		-0.00174        
16.23000  		0.00170         
16.24000  		0.00311         
16.25000  		0.00569         
16.26000  		0.00730         
16.27000  		0.00727         
16.28000  		0.00743         
16.29000  		0.00746         
16.30000  		0.00740         
16.31000  		0.00755         
16.32000  		0.00754         
16.33000  		0.00560         
16.34000  		0.00338         
16.35000  		0.00337         
16.36000  		0.00138         
16.37000  		-0.00291        
16.38000  		-0.00498        
16.39000  		-0.00673        
16.40000  		-0.00976        
16.41000  		-0.00880        
16.42000  		-0.00900        
16.43000  		-0.00784        
16.44000  		-0.00350        
16.45000  		0.00187         
16.46000  		0.00727         
16.47000  		0.01095         
16.48000  		0.01358         
16.49000  		0.01636         
16.50000  		0.01628         
16.51000  		0.01660         
16.52000  		0.01607         
16.53000  		0.01366         
16.54000  		0.00979         
16.55000  		0.00429         
16.56000  		-0.00070        
16.57000  		-0.00395        
16.58000  		-0.00697        
16.59000  		-0.00874        
16.60000  		-0.00896        
16.61000  		-0.00879        
16.62000  		-0.00707        
16.63000  		-0.00693        
16.64000  		-0.00690        
16.65000  		-0.00550        
16.66000  		-0.00448        
16.67000  		-0.00474        
16.68000  		-0.00393        
16.69000  		-0.00226        
16.70000  		-0.00227        
16.71000  		-0.00240        
16.72000  		-0.00209        
16.73000  		0.00009         
16.74000  		0.00183         
16.75000  		0.00378         
16.76000  		0.00698         
16.77000  		0.00963         
16.78000  		0.01172         
16.79000  		0.01358         
16.80000  		0.01299         
16.81000  		0.01154         
16.82000  		0.01178         
16.83000  		0.01178         
16.84000  		0.01117         
16.85000  		0.00967         
16.86000  		0.00873         
16.87000  		0.00588         
16.88000  		0.00207         
16.89000  		-0.00205        
16.90000  		-0.00876        
16.91000  		-0.01364        
16.92000  		-0.01762        
16.93000  		-0.02054        
16.94000  		-0.02090        
16.95000  		-0.02018        
16.96000  		-0.01640        
16.97000  		-0.01382        
16.98000  		-0.00967        
16.99000  		-0.00465        
17.00000  		-0.00233        
17.01000  		0.00110         
17.02000  		0.00163         
17.03000  		0.00383         
17.04000  		0.00678         
17.05000  		0.00800         
17.06000  		0.00923         
17.07000  		0.01105         
17.08000  		0.01133         
17.09000  		0.01028         
17.10000  		0.00764         
17.11000  		0.00324         
17.12000  		-0.00281        
17.13000  		-0.00902        
17.14000  		-0.01307        
17.15000  		-0.01617        
17.16000  		-0.01632        
17.17000  		-0.01417        
17.18000  		-0.00926        
17.19000  		-0.00407        
17.20000  		0.00017         
17.21000  		0.00442         
17.22000  		0.00827         
17.23000  		0.01048         
17.24000  		0.01088         
17.25000  		0.01121         
17.26000  		0.01127         
17.27000  		0.00933         
17.28000  		0.00707         
17.29000  		0.00688         
17.30000  		0.00592         
17.31000  		0.00405         
17.32000  		0.00280         
17.33000  		0.00399         
17.34000  		0.00613         
17.35000  		0.00620         
17.36000  		0.00629         
17.37000  		0.00658         
17.38000  		0.00638         
17.39000  		0.00426         
17.40000  		0.00240         
17.41000  		0.00048         
17.42000  		-0.00261        
17.43000  		-0.00542        
17.44000  		-0.00927        
17.45000  		-0.01141        
17.46000  		-0.01182        
17.47000  		-0.01227        
17.48000  		-0.01206        
17.49000  		-0.00917        
17.50000  		-0.00711        
17.51000  		-0.00396        
17.52000  		-0.00162        
17.53000  		0.00138         
17.54000  		0.00300         
17.55000  		0.00556         
17.56000  		0.00579         
17.57000  		0.00766         
17.58000  		0.01087         
17.59000  		0.01060         
17.60000  		0.01080         
17.61000  		0.01111         
17.62000  		0.01048         
17.63000  		0.00803         
17.64000  		0.00562         
17.65000  		0.00265         
17.66000  		-0.00153        
17.67000  		-0.00325        
17.68000  		-0.00414        
17.69000  		-0.00301        
17.70000  		-0.00308        
17.71000  		-0.00166        
17.72000  		-0.00047        
17.73000  		0.00121         
17.74000  		0.00133         
17.75000  		0.00149         
17.76000  		0.00298         
17.77000  		0.00379         
17.78000  		0.00378         
17.79000  		0.00396         
17.80000  		0.00308         
17.81000  		0.00152         
17.82000  		0.00012         
17.83000  		-0.00061        
17.84000  		-0.00075        
17.85000  		-0.00092        
17.86000  		0.00022         
17.87000  		0.00151         
17.88000  		0.00132         
17.89000  		0.00129         
17.90000  		0.00220         
17.91000  		0.00375         
17.92000  		0.00361         
17.93000  		0.00367         
17.94000  		0.00394         
17.95000  		0.00357         
17.96000  		0.00036         
17.97000  		-0.00491        
17.98000  		-0.01005        
17.99000  		-0.01380        
18.00000  		-0.01633        
18.01000  		-0.01696        
18.02000  		-0.01620        
18.03000  		-0.01491        
18.04000  		-0.01344        
18.05000  		-0.01063        
18.06000  		-0.00805        
18.07000  		-0.00553        
18.08000  		-0.00178        
18.09000  		0.00375         
18.10000  		0.00914         
18.11000  		0.01230         
18.12000  		0.01135         
18.13000  		0.00772         
18.14000  		0.00516         
18.15000  		0.00099         
18.16000  		-0.00244        
18.17000  		-0.00605        
18.18000  		-0.00969        
18.19000  		-0.00973        
18.20000  		-0.01034        
18.21000  		-0.01198        
18.22000  		-0.01038        
18.23000  		-0.00775        
18.24000  		-0.00529        
18.25000  		-0.00254        
18.26000  		0.00029         
18.27000  		0.00251         
18.28000  		0.00435         
18.29000  		0.00769         
18.30000  		0.00798         
18.31000  		0.00809         
18.32000  		0.00647         
18.33000  		0.00382         
18.34000  		0.00132         
18.35000  		-0.00145        
18.36000  		-0.00531        
18.37000  		-0.00803        
18.38000  		-0.00926        
18.39000  		-0.00824        
18.40000  		-0.00825        
18.41000  		-0.00743        
18.42000  		-0.00463        
18.43000  		-0.00015        
18.44000  		0.00493         
18.45000  		0.00740         
18.46000  		0.00792         
18.47000  		0.00705         
18.48000  		0.00443         
18.49000  		0.00163         
18.50000  		-0.00050        
18.51000  		-0.00076        
18.52000  		-0.00198        
18.53000  		-0.00359        
18.54000  		-0.00336        
18.55000  		-0.00132        
18.56000  		0.00132         
18.57000  		0.00302         
18.58000  		0.00418         
18.59000  		0.00578         
18.60000  		0.00741         
18.61000  		0.00788         
18.62000  		0.00801         
18.63000  		0.00818         
18.64000  		0.00685         
18.65000  		0.00417         
18.66000  		0.00153         
18.67000  		-0.00121        
18.68000  		-0.00308        
18.69000  		-0.00450        
18.70000  		-0.00562        
18.71000  		-0.00429        
18.72000  		-0.00300        
18.73000  		0.00183         
18.74000  		0.00620         
18.75000  		0.00879         
18.76000  		0.01013         
18.77000  		0.00987         
18.78000  		0.00837         
18.79000  		0.00737         
18.80000  		0.00592         
18.81000  		0.00430         
18.82000  		0.00169         
18.83000  		0.00121         
18.84000  		0.00120         
18.85000  		0.00118         
18.86000  		-0.00020        
18.87000  		-0.00297        
18.88000  		-0.00502        
18.89000  		-0.00636        
18.90000  		-0.00830        
18.91000  		-0.00612        
18.92000  		-0.00228        
18.93000  		0.00027         
18.94000  		0.00256         
18.95000  		0.00305         
18.96000  		0.00345         
18.97000  		0.00222         
18.98000  		-0.00234        
18.99000  		-0.00713        
19.00000  		-0.01002        
19.01000  		-0.01421        
19.02000  		-0.01752        
19.03000  		-0.01451        
19.04000  		-0.00945        
19.05000  		-0.00419        
19.06000  		0.00058         
19.07000  		0.00269         
19.08000  		0.00418         
19.09000  		0.00528         
19.10000  		0.00577         
19.11000  		0.00765         
19.12000  		0.00698         
19.13000  		0.00546         
19.14000  		0.00444         
19.15000  		0.00312         
19.16000  		0.00144         
19.17000  		0.00117         
19.18000  		0.00007         
19.19000  		-0.00142        
19.20000  		-0.00130        
19.21000  		-0.00140        
19.22000  		-0.00146        
19.23000  		-0.00149        
19.24000  		-0.00148        
19.25000  		-0.00132        
19.26000  		-0.00164        
19.27000  		-0.00340        
19.28000  		-0.00366        
19.29000  		-0.00365        
19.30000  		-0.00386        
19.31000  		-0.00383        
19.32000  		-0.00204        
19.33000  		0.00135         
19.34000  		0.00572         
19.35000  		0.00734         
19.36000  		0.00745         
19.37000  		0.00788         
19.38000  		0.00756         
19.39000  		0.00519         
19.40000  		0.00250         
19.41000  		0.00019         
19.42000  		-0.00155        
19.43000  		-0.00490        
19.44000  		-0.00561        
19.45000  		-0.00743        
19.46000  		-0.01071        
19.47000  		-0.01182        
19.48000  		-0.01288        
19.49000  		-0.01300        
19.50000  		-0.01325        
19.51000  		-0.01232        
19.52000  		-0.00983        
19.53000  		-0.00724        
19.54000  		-0.00251        
19.55000  		0.00301         
19.56000  		0.00665         
19.57000  		0.00919         
19.58000  		0.01213         
19.59000  		0.01214         
19.60000  		0.01250         
19.61000  		0.01113         
19.62000  		0.00828         
19.63000  		0.00584         
19.64000  		0.00019         
19.65000  		-0.00290        
19.66000  		-0.00347        
19.67000  		-0.00383        
19.68000  		-0.00318        
19.69000  		-0.00146        
19.70000  		0.00158         
19.71000  		0.00284         
19.72000  		0.00307         
19.73000  		0.00228         
19.74000  		-0.00034        
19.75000  		-0.00137        
19.76000  		-0.00138        
19.77000  		-0.00155        
19.78000  		-0.00160        
19.79000  		-0.00155        
19.80000  		-0.00156        
19.81000  		-0.00175        
19.82000  		-0.00130        
19.83000  		0.00095         
19.84000  		0.00261         
19.85000  		0.00502         
19.86000  		0.00752         
19.87000  		0.00740         
19.88000  		0.00759         
19.89000  		0.00764         
19.90000  		0.00774         
19.91000  		0.00771         
19.92000  		0.00603         
19.93000  		0.00331         
19.94000  		0.00068         
19.95000  		-0.00112        
19.96000  		-0.00262        
19.97000  		-0.00374        
19.98000  		-0.00204        
19.99000  		-0.00167        
20.00000  		-0.00170        
20.01000  		-0.00188        
20.02000  		-0.00148        
20.03000  		0.00159         
20.04000  		0.00266         
20.05000  		0.00334         
20.06000  		0.00515         
20.07000  		0.00533         
20.08000  		0.00510         
20.09000  		0.00354         
20.10000  		0.00328         
20.11000  		0.00245         
20.12000  		0.00002         
20.13000  		-0.00158        
20.14000  		-0.00460        
20.15000  		-0.00607        
20.16000  		-0.00629        
20.17000  		-0.00551        
20.18000  		-0.00290        
20.19000  		-0.00201        
20.20000  		-0.00182        
20.21000  		0.00071         
20.22000  		0.00265         
20.23000  		0.00272         
20.24000  		0.00288         
20.25000  		0.00298         
20.26000  		0.00297         
20.27000  		0.00295         
20.28000  		0.00295         
20.29000  		0.00296         
20.30000  		0.00296         
20.31000  		0.00290         
20.32000  		0.00297         
20.33000  		0.00318         
20.34000  		0.00208         
20.35000  		-0.00058        
20.36000  		-0.00135        
20.37000  		-0.00178        
20.38000  		-0.00357        
20.39000  		-0.00460        
20.40000  		-0.00616        
20.41000  		-0.00768        
20.42000  		-0.00849        
20.43000  		-0.00633        
20.44000  		-0.00387        
20.45000  		-0.00118        
20.46000  		0.00152         
20.47000  		0.00270         
20.48000  		0.00290         
20.49000  		0.00231         
20.50000  		0.00086         
20.51000  		0.00077         
20.52000  		-0.00070        
20.53000  		-0.00164        
20.54000  		-0.00160        
20.55000  		-0.00174        
20.56000  		-0.00163        
20.57000  		-0.00164        
20.58000  		-0.00341        
20.59000  		-0.00559        
20.60000  		-0.00651        
20.61000  		-0.00921        
20.62000  		-0.01084        
20.63000  		-0.01071        
20.64000  		-0.01100        
20.65000  		-0.01129        
20.66000  		-0.00968        
20.67000  		-0.00666        
20.68000  		-0.00562        
20.69000  		-0.00269        
20.70000  		0.00014         
20.71000  		0.00210         
20.72000  		0.00330         
20.73000  		0.00603         
20.74000  		0.00735         
20.75000  		0.00762         
20.76000  		0.00663         
20.77000  		0.00342         
20.78000  		0.00334         
20.79000  		0.00192         
20.80000  		-0.00095        
20.81000  		-0.00188        
20.82000  		-0.00052        
20.83000  		0.00255         
20.84000  		0.00240         
20.85000  		0.00286         
20.86000  		0.00446         
20.87000  		0.00349         
20.88000  		0.00151         
20.89000  		-0.00140        
20.90000  		-0.00144        
20.91000  		-0.00317        
20.92000  		-0.00419        
20.93000  		-0.00347        
20.94000  		-0.00194        
20.95000  		-0.00191        
20.96000  		-0.00186        
20.97000  		-0.00193        
20.98000  		-0.00140        
20.99000  		0.00027         
21.00000  		0.00038         
21.01000  		0.00040         
21.02000  		0.00057         
21.03000  		0.00064         
21.04000  		-0.00015        
21.05000  		-0.00085        
21.06000  		0.00064         
21.07000  		0.00042         
21.08000  		0.00045         
21.09000  		0.00055         
21.10000  		0.00044         
21.11000  		0.00040         
21.12000  		0.00161         
21.13000  		0.00278         
21.14000  		0.00266         
21.15000  		0.00272         
21.16000  		0.00288         
21.17000  		0.00298         
21.18000  		0.00146         
21.19000  		-0.00109        
21.20000  		-0.00160        
21.21000  		-0.00168        
21.22000  		-0.00184        
21.23000  		-0.00185        
21.24000  		-0.00183        
21.25000  		-0.00184        
21.26000  		-0.00184        
21.27000  		-0.00184        
21.28000  		-0.00184        
21.29000  		-0.00185        
21.30000  		-0.00186        
21.31000  		-0.00182        
21.32000  		-0.00180        
21.33000  		-0.00204        
21.34000  		-0.00181        
21.35000  		0.00086         
21.36000  		0.00267         
21.37000  		0.00493         
21.38000  		0.00703         
21.39000  		0.00719         
21.40000  		0.00727         
21.41000  		0.00744         
21.42000  		0.00764         
21.43000  		0.00633         
21.44000  		0.00323         
21.45000  		0.00092         
21.46000  		-0.00166        
21.47000  		-0.00155        
21.48000  		-0.00185        
21.49000  		-0.00208        
21.50000  		-0.00098        
21.51000  		0.00136         
21.52000  		0.00283         
21.53000  		0.00629         
21.54000  		0.00703         
21.55000  		0.00717         
21.56000  		0.00843         
21.57000  		0.00822         
21.58000  		0.00734         
21.59000  		0.00770         
21.60000  		0.00615         
21.61000  		0.00294         
21.62000  		0.00060         
21.63000  		-0.00152        
21.64000  		-0.00193        
21.65000  		-0.00383        
21.66000  		-0.00420        
21.67000  		-0.00416        
21.68000  		-0.00282        
21.69000  		-0.00190        
21.70000  		-0.00213        
21.71000  		-0.00222        
21.72000  		-0.00008        
21.73000  		0.00269         
21.74000  		0.00241         
21.75000  		0.00258         
21.76000  		0.00278         
21.77000  		0.00296         
21.78000  		0.00171         
21.79000  		-0.00101        
21.80000  		-0.00164        
21.81000  		-0.00144        
21.82000  		-0.00327        
21.83000  		-0.00638        
21.84000  		-0.00637        
21.85000  		-0.00647        
21.86000  		-0.00444        
21.87000  		-0.00230        
21.88000  		-0.00235        
21.89000  		-0.00209        
21.90000  		0.00082         
21.91000  		0.00266         
21.92000  		0.00229         
21.93000  		0.00240         
21.94000  		0.00470         
21.95000  		0.00610         
21.96000  		0.00322         
21.97000  		0.00283         
21.98000  		0.00290         
21.99000  		0.00273         
22.00000  		0.00262         
22.01000  		0.00272         
22.02000  		0.00302         
22.03000  		0.00186         
22.04000  		-0.00138        
22.05000  		-0.00144        
22.06000  		-0.00294        
22.07000  		-0.00571        
22.08000  		-0.00629        
22.09000  		-0.00641        
22.10000  		-0.00677        
22.11000  		-0.00562        
22.12000  		-0.00293        
22.13000  		-0.00213        
22.14000  		-0.00210        
22.15000  		-0.00191        
22.16000  		-0.00184        
22.17000  		-0.00204        
22.18000  		-0.00195        
22.19000  		0.00014         
22.20000  		0.00227         
22.21000  		0.00248         
22.22000  		0.00261         
22.23000  		0.00274         
22.24000  		0.00275         
22.25000  		0.00269         
22.26000  		0.00266         
22.27000  		0.00295         
22.28000  		0.00271         
22.29000  		-0.00028        
22.30000  		-0.00172        
22.31000  		-0.00147        
22.32000  		-0.00260        
22.33000  		-0.00435        
22.34000  		-0.00401        
22.35000  		-0.00250        
22.36000  		-0.00196        
22.37000  		-0.00207        
22.38000  		-0.00209        
22.39000  		-0.00071        
22.40000  		0.00170         
22.41000  		0.00257         
22.42000  		0.00498         
22.43000  		0.00718         
22.44000  		0.00721         
22.45000  		0.00499         
22.46000  		0.00256         
22.47000  		-0.00052        
22.48000  		-0.00206        
22.49000  		-0.00476        
22.50000  		-0.00634        
22.51000  		-0.00628        
22.52000  		-0.00649        
22.53000  		-0.00666        
22.54000  		-0.00586        
22.55000  		-0.00421        
22.56000  		-0.00308        
22.57000  		-0.00232        
22.58000  		-0.00128        
22.59000  		0.00225         
22.60000  		0.00224         
22.61000  		0.00255         
22.62000  		0.00596         
22.63000  		0.00684         
22.64000  		0.00318         
22.65000  		0.00316         
22.66000  		0.00306         
22.67000  		0.00026         
22.68000  		-0.00147        
22.69000  		-0.00224        
22.70000  		-0.00584        
22.71000  		-0.00625        
22.72000  		-0.00631        
22.73000  		-0.00645        
22.74000  		-0.00650        
22.75000  		-0.00665        
22.76000  		-0.00594        
22.77000  		-0.00341        
22.78000  		-0.00088        
22.79000  		0.00174         
22.80000  		0.00472         
22.81000  		0.00705         
22.82000  		0.00643         
22.83000  		0.00426         
22.84000  		0.00274         
22.85000  		-0.00045        
22.86000  		-0.00128        
22.87000  		-0.00305        
22.88000  		-0.00634        
22.89000  		-0.00617        
22.90000  		-0.00629        
22.91000  		-0.00648        
22.92000  		-0.00663        
22.93000  		-0.00569        
22.94000  		-0.00336        
22.95000  		-0.00174        
22.96000  		0.00143         
22.97000  		0.00230         
22.98000  		0.00402         
22.99000  		0.00732         
23.00000  		0.00730         
23.01000  		0.00726         
23.02000  		0.00585         
23.03000  		0.00471         
23.04000  		0.00307         
23.05000  		0.00329         
23.06000  		0.00277         
23.07000  		-0.00058        
23.08000  		-0.00154        
23.09000  		-0.00151        
23.10000  		-0.00171        
23.11000  		-0.00172        
23.12000  		-0.00178        
23.13000  		-0.00183        
23.14000  		-0.00100        
23.15000  		-0.00037        
23.16000  		-0.00188        
23.17000  		-0.00146        
23.18000  		-0.00167        
23.19000  		-0.00399        
23.20000  		-0.00591        
23.21000  		-0.00630        
23.22000  		-0.00613        
23.23000  		-0.00323        
23.24000  		-0.00209        
23.25000  		-0.00151        
23.26000  		0.00151         
23.27000  		0.00193         
23.28000  		-0.00104        
23.29000  		-0.00147        
23.30000  		0.00091         
23.31000  		0.00260         
23.32000  		0.00252         
23.33000  		0.00408         
23.34000  		0.00692         
23.35000  		0.00721         
23.36000  		0.00564         
23.37000  		0.00462         
23.38000  		0.00326         
23.39000  		0.00327         
23.40000  		0.00123         
23.41000  		-0.00109        
23.42000  		-0.00135        
23.43000  		-0.00146        
23.44000  		-0.00159        
23.45000  		-0.00159        
23.46000  		-0.00158        
23.47000  		-0.00155        
23.48000  		-0.00151        
23.49000  		-0.00166        
23.50000  		-0.00162        
23.51000  		0.00027         
23.52000  		0.00250         
23.53000  		0.00299         
23.54000  		0.00316         
23.55000  		0.00092         
23.56000  		-0.00145        
23.57000  		-0.00154        
23.58000  		-0.00044        
23.59000  		0.00273         
23.60000  		0.00283         
23.61000  		0.00298         
23.62000  		0.00315         
23.63000  		0.00315         
23.64000  		0.00314         
23.65000  		0.00316         
23.66000  		0.00315         
23.67000  		0.00308         
23.68000  		0.00323         
23.69000  		0.00348         
23.70000  		0.00165         
23.71000  		-0.00140        
23.72000  		-0.00113        
23.73000  		-0.00134        
23.74000  		-0.00148        
23.75000  		-0.00141        
23.76000  		-0.00137        
23.77000  		-0.00170        
23.78000  		-0.00122        
23.79000  		0.00215         
23.80000  		0.00300         
23.81000  		0.00299         
23.82000  		0.00321         
23.83000  		0.00327         
23.84000  		0.00322         
23.85000  		0.00316         
23.86000  		0.00338         
23.87000  		0.00347         
23.88000  		0.00110         
23.89000  		-0.00128        
23.90000  		-0.00106        
23.91000  		-0.00127        
23.92000  		-0.00136        
23.93000  		-0.00134        
23.94000  		-0.00133        
23.95000  		-0.00130        
23.96000  		-0.00123        
23.97000  		-0.00143        
23.98000  		-0.00151        
23.99000  		0.00085         
24.00000  		0.00330         
24.01000  		0.00305         
24.02000  		0.00323         
24.03000  		0.00358         
24.04000  		0.00352         
24.05000  		0.00092         
24.06000  		-0.00112        
24.07000  		-0.00094        
24.08000  		-0.00115        
24.09000  		-0.00124        
24.10000  		-0.00120        
24.11000  		-0.00115        
24.12000  		-0.00122        
24.13000  		-0.00132        
24.14000  		-0.00042        
24.15000  		0.00099         
24.16000  		0.00104         
24.17000  		0.00268         
24.18000  		0.00342         
24.19000  		0.00339         
24.20000  		0.00346         
24.21000  		0.00354         
24.22000  		0.00369         
24.23000  		0.00318         
24.24000  		0.00198         
24.25000  		0.00361         
24.26000  		0.00366         
24.27000  		0.00107         
24.28000  		-0.00097        
24.29000  		-0.00076        
24.30000  		-0.00098        
24.31000  		-0.00107        
24.32000  		-0.00104        
24.33000  		-0.00101        
24.34000  		-0.00101        
24.35000  		-0.00106        
24.36000  		-0.00095        
24.37000  		-0.00081        
24.38000  		-0.00221        
24.39000  		-0.00476        
24.40000  		-0.00540        
24.41000  		-0.00557        
24.42000  		-0.00488        
24.43000  		-0.00326        
24.44000  		-0.00206        
24.45000  		-0.00136        
24.46000  		-0.00022        
24.47000  		0.00323         
24.48000  		0.00342         
24.49000  		0.00351         
24.50000  		0.00392         
24.51000  		0.00364         
24.52000  		0.00116         
24.53000  		-0.00052        
24.54000  		-0.00047        
24.55000  		-0.00222        
24.56000  		-0.00482        
24.57000  		-0.00520        
24.58000  		-0.00538        
24.59000  		-0.00564        
24.60000  		-0.00425        
24.61000  		-0.00183        
24.62000  		-0.00093        
24.63000  		0.00154         
24.64000  		0.00352         
24.65000  		0.00363         
24.66000  		0.00376         
24.67000  		0.00379         
24.68000  		0.00396         
24.69000  		0.00416         
24.70000  		0.00212         
24.71000  		-0.00070        
24.72000  		-0.00044        
24.73000  		-0.00067        
24.74000  		-0.00067        
24.75000  		-0.00068        
24.76000  		-0.00170        
24.77000  		-0.00168        
24.78000  		-0.00060        
24.79000  		-0.00076        
24.80000  		-0.00076        
24.81000  		-0.00072        
24.82000  		0.00027         
24.83000  		0.00175         
24.84000  		0.00363         
24.85000  		0.00283         
24.86000  		-0.00037        
24.87000  		-0.00034        
24.88000  		-0.00046        
24.89000  		-0.00063        
24.90000  		-0.00062        
24.91000  		-0.00059        
24.92000  		-0.00059        
24.93000  		-0.00058        
24.94000  		-0.00058        
24.95000  		-0.00057        
24.96000  		-0.00055        
24.97000  		-0.00054        
24.98000  		-0.00060        
24.99000  		-0.00054        
25.00000  		-0.00022        
25.01000  		-0.00123        
25.02000  		-0.00460        
25.03000  		-0.00488        
25.04000  		-0.00492        
25.05000  		-0.00510        
25.06000  		-0.00533        
25.07000  		-0.00478        
25.08000  		-0.00223        
25.09000  		-0.00065        
25.10000  		-0.00070        
25.11000  		-0.00050        
25.12000  		-0.00042        
25.13000  		-0.00044        
25.14000  		-0.00044        
25.15000  		-0.00043        
25.16000  		-0.00042        
25.17000  		-0.00041        
25.18000  		-0.00041        
25.19000  		-0.00039        
25.20000  		-0.00039        
25.21000  		-0.00040        
25.22000  		-0.00037        
25.23000  		-0.00030        
25.24000  		-0.00049        
25.25000  		-0.00057        
25.26000  		0.00172         
25.27000  		0.00422         
25.28000  		0.00431         
25.29000  		0.00332         
25.30000  		0.00008         
25.31000  		-0.00007        
25.32000  		0.00012         
25.33000  		-0.00058        
25.34000  		-0.00394        
25.35000  		-0.00481        
25.36000  		-0.00492        
25.37000  		-0.00282        
25.38000  		-0.00036        
25.39000  		-0.00044        
25.40000  		-0.00073        
25.41000  		-0.00218        
25.42000  		-0.00332        
25.43000  		-0.00477        
25.44000  		-0.00471        
25.45000  		-0.00482        
25.46000  		-0.00487        
25.47000  		-0.00486        
25.48000  		-0.00480        
25.49000  		-0.00481        
25.50000  		-0.00501        
25.51000  		-0.00449        
25.52000  		-0.00207        
25.53000  		-0.00057        
25.54000  		0.00083         
25.55000  		0.00360         
25.56000  		0.00427         
25.57000  		0.00431         
25.58000  		0.00446         
25.59000  		0.00464         
25.60000  		0.00438         
25.61000  		0.00280         
25.62000  		0.00245         
25.63000  		0.00163         
25.64000  		-0.00003        
25.65000  		0.00004         
25.66000  		-0.00003        
25.67000  		-0.00009        
25.68000  		-0.00009        
25.69000  		-0.00007        
25.70000  		-0.00006        
25.71000  		-0.00006        
25.72000  		-0.00007        
25.73000  		-0.00002        
25.74000  		0.00002         
25.75000  		-0.00025        
25.76000  		0.00003         
25.77000  		0.00299         
25.78000  		0.00445         
25.79000  		0.00459         
25.80000  		0.00393         
25.81000  		0.00137         
25.82000  		0.00020         
25.83000  		0.00021         
25.84000  		0.00007         
25.85000  		0.00005         
25.86000  		-0.00007        
25.87000  		0.00004         
25.88000  		0.00158         
25.89000  		0.00244         
25.90000  		0.00173         
25.91000  		0.00022         
25.92000  		0.00024         
25.93000  		0.00016         
25.94000  		0.00008         
25.95000  		0.00009         
25.96000  		0.00010         
25.97000  		0.00011         
25.98000  		0.00011         
25.99000  		0.00012         
26.00000  		0.00013         
26.01000  		0.00013         
26.02000  		0.00014         
26.03000  		0.00015         
26.04000  		0.00014         
26.05000  		0.00013         
26.06000  		0.00023         
26.07000  		0.00021         
26.08000  		-0.00065        
26.09000  		-0.00099        
26.10000  		-0.00133        
26.11000  		-0.00190        
26.12000  		-0.00007        
26.13000  		0.00009         
26.14000  		0.00010         
26.15000  		0.00025         
26.16000  		0.00021         
26.17000  		0.00007         
26.18000  		0.00086         
26.19000  		0.00245         
26.20000  		0.00242         
26.21000  		0.00249         
26.22000  		0.00253         
26.23000  		0.00265         
26.24000  		0.00276         
26.25000  		0.00152         
26.26000  		0.00033         
26.27000  		0.00210         
26.28000  		0.00271         
26.29000  		0.00186         
26.30000  		0.00040         
26.31000  		0.00048         
26.32000  		0.00038         
26.33000  		0.00031         
26.34000  		0.00032         
26.35000  		0.00034         
26.36000  		0.00035         
26.37000  		0.00031         
26.38000  		0.00034         
26.39000  		0.00055         
26.40000  		-0.00011        
26.41000  		-0.00263        
26.42000  		-0.00406        
26.43000  		-0.00433        
26.44000  		-0.00380        
26.45000  		-0.00037        
26.46000  		0.00012         
26.47000  		0.00022         
26.48000  		0.00041         
26.49000  		0.00027         
26.50000  		0.00070         
26.51000  		0.00249         
26.52000  		0.00269         
26.53000  		0.00157         
26.54000  		0.00044         
26.55000  		0.00053         
26.56000  		0.00049         
26.57000  		0.00053         
26.58000  		-0.00048        
26.59000  		-0.00186        
26.60000  		-0.00189        
26.61000  		-0.00151        
26.62000  		0.00017         
26.63000  		0.00022         
26.64000  		0.00020         
26.65000  		0.00191         
26.66000  		0.00440         
26.67000  		0.00473         
26.68000  		0.00481         
26.69000  		0.00505         
26.70000  		0.00489         
26.71000  		0.00347         
26.72000  		0.00243         
26.73000  		0.00089         
26.74000  		-0.00030        
26.75000  		-0.00182        
26.76000  		-0.00194        
26.77000  		-0.00168        
26.78000  		0.00006         
26.79000  		-0.00040        
26.80000  		-0.00188        
26.81000  		-0.00292        
26.82000  		-0.00398        
26.83000  		-0.00392        
26.84000  		-0.00409        
26.85000  		-0.00416        
26.86000  		-0.00303        
26.87000  		-0.00180        
26.88000  		-0.00190        
26.89000  		-0.00179        
26.90000  		-0.00172        
26.91000  		-0.00168        
26.92000  		-0.00170        
26.93000  		-0.00182        
26.94000  		-0.00136        
26.95000  		0.00016         
26.96000  		0.00026         
26.97000  		0.00135         
26.98000  		0.00261         
26.99000  		0.00248         
27.00000  		0.00252         
27.01000  		0.00264         
27.02000  		0.00260         
27.03000  		0.00155         
27.04000  		0.00035         
27.05000  		-0.00096        
27.06000  		-0.00201        
27.07000  		-0.00348        
27.08000  		-0.00353        
27.09000  		-0.00357        
27.10000  		-0.00359        
27.11000  		-0.00353        
27.12000  		-0.00346        
27.13000  		-0.00352        
27.14000  		-0.00336        
27.15000  		-0.00213        
27.16000  		-0.00120        
27.17000  		0.00015         
27.18000  		0.00133         
27.19000  		0.00261         
27.20000  		0.00138         
27.21000  		0.00069         
27.22000  		0.00080         
27.23000  		0.00067         
27.24000  		0.00063         
27.25000  		0.00077         
27.26000  		0.00056         
27.27000  		-0.00082        
27.28000  		-0.00113        
27.29000  		-0.00111        
27.30000  		-0.00117        
27.31000  		-0.00117        
27.32000  		-0.00113        
27.33000  		-0.00108        
27.34000  		-0.00115        
27.35000  		-0.00114        
27.36000  		-0.00016        
27.37000  		0.00074         
27.38000  		0.00065         
27.39000  		0.00073         
27.40000  		0.00076         
27.41000  		0.00075         
27.42000  		0.00074         
27.43000  		0.00073         
27.44000  		0.00072         
27.45000  		0.00072         
27.46000  		0.00071         
27.47000  		0.00070         
27.48000  		0.00069         
27.49000  		0.00069         
27.50000  		0.00068         
27.51000  		0.00067         
27.52000  		0.00066         
27.53000  		0.00065         
27.54000  		0.00064         
27.55000  		0.00063         
27.56000  		0.00063         
27.57000  		0.00062         
27.58000  		0.00061         
27.59000  		0.00060         
27.60000  		0.00059         
27.61000  		0.00058         
27.62000  		0.00057         
27.63000  		0.00056         
27.64000  		0.00055         
27.65000  		0.00054         
27.66000  		0.00054         
27.67000  		0.00053         
27.68000  		0.00050         
27.69000  		0.00049         
27.70000  		0.00059         
27.71000  		0.00036         
27.72000  		-0.00071        
27.73000  		-0.00081        
27.74000  		-0.00080        
27.75000  		-0.00093        
27.76000  		-0.00074        
27.77000  		0.00029         
27.78000  		0.00046         
27.79000  		0.00045         
27.80000  		0.00059         
27.81000  		0.00046         
27.82000  		-0.00047        
27.83000  		-0.00070        
27.84000  		-0.00067        
27.85000  		-0.00070        
27.86000  		-0.00067        
27.87000  		-0.00066        
27.88000  		-0.00070        
27.89000  		-0.00029        
27.90000  		0.00054         
27.91000  		0.00052         
27.92000  		0.00055         
27.93000  		0.00058         
27.94000  		0.00057         
27.95000  		0.00055         
27.96000  		0.00054         
27.97000  		0.00053         
27.98000  		0.00052         
27.99000  		0.00051         
28.00000  		0.00050         
28.01000  		0.00049         
28.02000  		0.00048         
28.03000  		0.00047         
28.04000  		0.00045         
28.05000  		0.00044         
28.06000  		0.00043         
28.07000  		0.00042         
28.08000  		0.00041         
28.09000  		0.00041         
28.10000  		0.00037         
28.11000  		0.00033         
28.12000  		0.00063         
28.13000  		0.00118         
28.14000  		0.00158         
28.15000  		0.00184         
28.16000  		0.00178         
28.17000  		0.00180         
28.18000  		0.00135         
28.19000  		0.00042         
28.20000  		0.00015         
28.21000  		-0.00003        
28.22000  		-0.00064        
28.23000  		-0.00041        
28.24000  		0.00004         
28.25000  		-0.00000        
28.26000  		-0.00006        
28.27000  		-0.00048        
28.28000  		-0.00076        
28.29000  		-0.00114        
28.30000  		-0.00112        
28.31000  		-0.00103        
28.32000  		-0.00062        
28.33000  		-0.00033        
28.34000  		0.00006         
28.35000  		0.00008         
28.36000  		0.00009         
28.37000  		0.00010         
28.38000  		0.00009         
28.39000  		0.00007         
28.40000  		0.00007         
28.41000  		0.00006         
28.42000  		0.00003         
28.43000  		0.00010         
28.44000  		0.00036         
28.45000  		0.00035         
28.46000  		0.00052         
28.47000  		0.00065         
28.48000  		0.00035         
28.49000  		0.00027         
28.50000  		0.00013         
28.51000  		-0.00007        
28.52000  		-0.00011        
28.53000  		-0.00053        
28.54000  		-0.00059        
28.55000  		-0.00015        
28.56000  		-0.00013        
28.57000  		-0.00013        
28.58000  		-0.00011        
28.59000  		-0.00011        
28.60000  		-0.00012        
28.61000  		-0.00012        
28.62000  		-0.00012        
28.63000  		-0.00015        
28.64000  		-0.00011        
28.65000  		0.00014         
28.66000  		0.00016         
28.67000  		0.00013         
28.68000  		0.00012         
28.69000  		0.00009         
28.70000  		-0.00005        
28.71000  		-0.00019        
28.72000  		-0.00020        
28.73000  		-0.00026        
28.74000  		-0.00027        
28.75000  		-0.00021        
28.76000  		-0.00021        
28.77000  		-0.00021        
28.78000  		-0.00021        
28.79000  		-0.00020        
28.80000  		-0.00016        
28.81000  		-0.00013        
28.82000  		-0.00014        
28.83000  		-0.00014        
28.84000  		-0.00017        
28.85000  		-0.00020        
28.86000  		-0.00020        
28.87000  		-0.00019        
28.88000  		-0.00019        
28.89000  		-0.00019        
28.90000  		-0.00018        
28.91000  		-0.00018        
28.92000  		-0.00017        
28.93000  		-0.00015        
28.94000  		-0.00014        
28.95000  		-0.00013        
28.96000  		-0.00012        
28.97000  		-0.00012        
28.98000  		-0.00012        
28.99000  		-0.00012        
29.00000  		-0.00012        
29.01000  		-0.00012        
29.02000  		-0.00012        
29.03000  		-0.00012        
29.04000  		-0.00013        
29.05000  		-0.00013        
29.06000  		-0.00012        
29.07000  		-0.00012        
29.08000  		-0.00012        
29.09000  		-0.00011        
29.10000  		-0.00011        
29.11000  		-0.00010        
29.12000  		-0.00010        
29.13000  		-0.00009        
29.14000  		-0.00008        
29.15000  		-0.00007        
29.16000  		-0.00007        
29.17000  		-0.00006        
29.18000  		-0.00006        
29.19000  		-0.00005        
29.20000  		-0.00004        
29.21000  		-0.00004        
29.22000  		-0.00003        
29.23000  		-0.00002        
29.24000  		-0.00002        
29.25000  		-0.00001        
29.26000  		-0.00001        
29.27000  		-0.00000        
29.28000  		0.00000         
29.29000  		0.00001         
29.30000  		0.00001         
29.31000  		0.00002         
29.32000  		0.00002         
29.33000  		0.00003         
29.34000  		0.00003         
29.35000  		0.00004         
29.36000  		0.00004         
29.37000  		0.00005         
29.38000  		0.00005         
29.39000  		0.00006         
